Email:

========================================
       Column Mask Energy Report        
========================================
       method logical_tiles  cell_oo  cell_ox cell_xo  cell_xx expanded_active_cells
 fptree_union           268  6786477 21326514 2584832 77512690                677125
 global_union           268  4813047 23299944 1676204 78421318                677125
  lsh_minhash           268  6796199 21316792 2367007 77730515                677125
    mcp_radix           268  5713455 22399536 2060976 78036546                677125
        naive           268 13134259 14978732 6143590 73953932                677125
  radix_union           268  5536243 22576748 1970863 78126659                677125
   sequential           268  4552258 23560733 1625684 78471838                677125
 scattered_dont_care_cells masked_cells total_cells_with_bit_slicing
                   6109352     21326514                     28112991
                   4135922     23299944                     28112991
                   6119074     21316792                     28112991
                   5036330     22399536                     28112991
                  12457134     14978732                     28112991
                   4859118     22576748                     28112991
                   3875133     23560733                     28112991
 baseline_total_fj rewrite_total_fj fake_match_total_fj baseline_avg_fj_per_cell
         374746170         95795367           322496211                    13.33
         374746170         69982903           317661307                    13.33
         374746170         95922531           322520030                    13.33
         374746170         81760239           319867307                    13.33
         374746170        178824355           338048277                    13.33
         374746170         79442306           319433137                    13.33
         374746170         66571782           317022374                    13.33
 rewrite_avg_fj_per_cell fake_match_avg_fj_per_cell fake_over_rewrite_avg_ratio
                3.407512                   11.47143                    3.366512
                2.489344                   11.29945                    4.539127
                3.412036                   11.47228                    3.362297
                2.908273                   11.37792                    3.912260
                6.360915                   12.02463                    1.890393
                2.825822                   11.36247                    4.020945
                2.368008                   11.27672                    4.762113
 total_write_cells active_rule_cells_write scattered_write_cells masked_write_cells
          28112991                  677125               6109352           21326514
          28112991                  677125               4135922           23299944
          28112991                  677125               6119074           21316792
          28112991                  677125               5036330           22399536
          28112991                  677125              12457134           14978732
          28112991                  677125               4859118           22576748
          28112991                  677125               3875133           23560733
 baseline_write_pj rewrite_write_pj fake_match_write_pj
         635143478        635143478           144633656
         635143408        635143408            99244696
         635144076        635144076           144857860
         635143836        635143836           119954508
         635143042        635143042           290632206
         635143772        635143772           115878568
         635144798        635144798            93247939
 baseline_write_avg_pj_per_cell rewrite_write_avg_pj_per_cell
                       22.59253                      22.59253
                       22.59252                      22.59252
                       22.59255                      22.59255
                       22.59254                      22.59254
                       22.59251                      22.59251
                       22.59254                      22.59254
                       22.59257                      22.59257
 fake_match_write_avg_pj_per_cell fake_over_rewrite_write_ratio
                         5.144727                     0.2277181
                         3.530208                     0.1562556
                         5.152702                     0.2280709
                         4.266871                     0.1888620
                        10.338004                     0.4575854
                         4.121887                     0.1824446
                         3.316899                     0.1468137
 fake_write_reduction_ratio
                  0.7722819
                  0.8437444
                  0.7719291
                  0.8111380
                  0.5424146
                  0.8175554
                  0.8531863
----------------------------------------
fetal:

========================================
       Column Mask Energy Report        
========================================
       method logical_tiles cell_oo cell_ox cell_xo cell_xx expanded_active_cells
 fptree_union            90  458732  136200       0       0                203303
 global_union            90  414836  180096       0       0                203303
  lsh_minhash            90  492448  102484       0       0                203303
    mcp_radix            90  513105   81827       0       0                203303
        naive            90  589812    5120       0       0                203303
  radix_union            90  476061  118871       0       0                203303
   sequential            90  577791   17141       0       0                203303
 scattered_dont_care_cells masked_cells total_cells_with_bit_slicing
                    255429       136200                       594932
                    211533       180096                       594932
                    289145       102484                       594932
                    309802        81827                       594932
                    386509         5120                       594932
                    272758       118871                       594932
                    374488        17141                       594932
 baseline_total_fj rewrite_total_fj fake_match_total_fj baseline_avg_fj_per_cell
           7930444          6148948             7596754                    13.33
           7930444          5574788             7489208                    13.33
           7930444          6589953             7679358                    13.33
           7930444          6860146             7729967                    13.33
           7930444          7863474             7917900                    13.33
           7930444          6375611             7639210                    13.33
           7930444          7706239             7888448                    13.33
 rewrite_avg_fj_per_cell fake_match_avg_fj_per_cell fake_over_rewrite_avg_ratio
               10.335547                   12.76911                    1.235456
                9.370462                   12.58834                    1.343407
               11.076817                   12.90796                    1.165313
               11.530976                   12.99303                    1.126793
               13.217433                   13.30892                    1.006921
               10.716537                   12.84048                    1.198193
               12.953143                   13.25941                    1.023644
 total_write_cells active_rule_cells_write scattered_write_cells masked_write_cells
            594932                  203303                255429             136200
            594932                  203303                211533             180096
            594932                  203303                289145             102484
            594932                  203303                309802              81827
            594932                  203303                386509               5120
            594932                  203303                272758             118871
            594932                  203303                374488              17141
 baseline_write_pj rewrite_write_pj fake_match_write_pj
          10181848         10181848             7049248
          10171769         10171769             6029561
          10206631         10206631             7849499
          10195249         10195249             8313228
          10175519         10175519            10057759
          10187855         10187855             7453822
          10170162         10170162             9775919
 baseline_write_avg_pj_per_cell rewrite_write_avg_pj_per_cell
                       17.11431                      17.11431
                       17.09736                      17.09736
                       17.15596                      17.15596
                       17.13683                      17.13683
                       17.10367                      17.10367
                       17.12440                      17.12440
                       17.09466                      17.09466
 fake_match_write_avg_pj_per_cell fake_over_rewrite_write_ratio
                         11.84883                     0.6923348
                         10.13487                     0.5927741
                         13.19394                     0.7690588
                         13.97341                     0.8154022
                         16.90573                     0.9884271
                         12.52886                     0.7316380
                         16.43199                     0.9612353
 fake_write_reduction_ratio
                 0.30766517
                 0.40722592
                 0.23094124
                 0.18459785
                 0.01157287
                 0.26836199
                 0.03876467
----------------------------------------

gene:

========================================
       Column Mask Energy Report        
========================================
       method logical_tiles cell_oo cell_ox cell_xo  cell_xx expanded_active_cells
 fptree_union            16   99988  855404  148890 39772939                 10368
 global_union            16  104711  850681  149101 39772728                 10368
  lsh_minhash            16  167256  788136  178830 39742999                 10368
    mcp_radix            16  104340  851052  150756 39771073                 10368
        naive            16  262457  692935  247371 39674458                 10368
  radix_union            16   97409  857983  148383 39773446                 10368
   sequential            16   94208  861184  148700 39773129                 10368
 scattered_dont_care_cells masked_cells total_cells_with_bit_slicing
                     89620       855404                       955392
                     94343       850681                       955392
                    156888       788136                       955392
                     93972       851052                       955392
                    252089       692935                       955392
                     87041       857983                       955392
                     83840       861184                       955392
 baseline_total_fj rewrite_total_fj fake_match_total_fj baseline_avg_fj_per_cell
          12735375          1546691            10639636                    13.33
          12735375          1608468            10651207                    13.33
          12735375          2426556            10804442                    13.33
          12735375          1603615            10650298                    13.33
          12735375          3671786            11037685                    13.33
          12735375          1512958            10633317                    13.33
          12735375          1471089            10625475                    13.33
 rewrite_avg_fj_per_cell fake_match_avg_fj_per_cell fake_over_rewrite_avg_ratio
                1.618907                   11.13641                    6.878966
                1.683569                   11.14852                    6.621958
                2.539854                   11.30891                    4.452582
                1.678489                   11.14757                    6.641430
                3.843224                   11.55304                    3.006081
                1.583599                   11.12979                    7.028165
                1.539775                   11.12159                    7.222865
 total_write_cells active_rule_cells_write scattered_write_cells masked_write_cells
            955392                   10368                 89620             855404
            955392                   10368                 94343             850681
            955392                   10368                156888             788136
            955392                   10368                 93972             851052
            955392                   10368                252089             692935
            955392                   10368                 87041             857983
            955392                   10368                 83840             861184
 baseline_write_pj rewrite_write_pj fake_match_write_pj
          21798452         21798452             2124160
          21798508         21798508             2232845
          21798478         21798478             3671350
          21798470         21798470             2224274
          21798471         21798471             5860966
          21798470         21798470             2064860
          21798458         21798458             1991226
 baseline_write_avg_pj_per_cell rewrite_write_avg_pj_per_cell
                       22.81624                      22.81624
                       22.81630                      22.81630
                       22.81627                      22.81627
                       22.81626                      22.81626
                       22.81626                      22.81626
                       22.81626                      22.81626
                       22.81625                      22.81625
 fake_match_write_avg_pj_per_cell fake_over_rewrite_write_ratio
                         2.223338                    0.09744543
                         2.337098                    0.10243109
                         3.842768                    0.16842229
                         2.328127                    0.10203806
                         6.134619                    0.26887051
                         2.161270                    0.09472502
                         2.084198                    0.09134710
 fake_write_reduction_ratio
                  0.9025546
                  0.8975689
                  0.8315777
                  0.8979619
                  0.7311295
                  0.9052750
                  0.9086529
----------------------------------------

loan:
========================================
       Column Mask Energy Report        
========================================
       method logical_tiles cell_oo cell_ox cell_xo cell_xx expanded_active_cells
 fptree_union            79  256672   66560       0       0                172588
 global_union            79  249376   73856       0       0                172588
  lsh_minhash            79  271791   51441       0       0                172588
    mcp_radix            79  278626   44606       0       0                172588
        naive            79  321952    1280       0       0                172588
  radix_union            79  262560   60672       0       0                172588
   sequential            79  322219    1013       0       0                172588
 scattered_dont_care_cells masked_cells total_cells_with_bit_slicing
                     84084        66560                       323232
                     76788        73856                       323232
                     99203        51441                       323232
                    106038        44606                       323232
                    149364         1280                       323232
                     89972        60672                       323232
                    149631         1013                       323232
 baseline_total_fj rewrite_total_fj fake_match_total_fj baseline_avg_fj_per_cell
           4308683          3438078             4145611                    13.33
           4308683          3342646             4127735                    13.33
           4308683          3635834             4182652                    13.33
           4308683          3725236             4199398                    13.33
           4308683          4291940             4305547                    13.33
           4308683          3515093             4160036                    13.33
           4308683          4295433             4306201                    13.33
 rewrite_avg_fj_per_cell fake_match_avg_fj_per_cell fake_over_rewrite_avg_ratio
                10.63656                   12.82550                    1.205793
                10.34132                   12.77019                    1.234871
                11.24837                   12.94009                    1.150397
                11.52496                   12.99190                    1.127284
                13.27820                   13.32030                    1.003170
                10.87483                   12.87012                    1.183478
                13.28901                   13.32232                    1.002507
 total_write_cells active_rule_cells_write scattered_write_cells masked_write_cells
            323232                  172588                 84084              66560
            323232                  172588                 76788              73856
            323232                  172588                 99203              51441
            323232                  172588                106038              44606
            323232                  172588                149364               1280
            323232                  172588                 89972              60672
            323232                  172588                149631               1013
 baseline_write_pj rewrite_write_pj fake_match_write_pj
           4693028          4693028             3162148
           4675416          4675416             2976728
           4712605          4712605             3529462
           4682775          4682775             3656837
           4677724          4677724             4648284
           4682984          4682984             3287528
           4688300          4688300             4665002
 baseline_write_avg_pj_per_cell rewrite_write_avg_pj_per_cell
                       14.51907                      14.51907
                       14.46458                      14.46458
                       14.57964                      14.57964
                       14.48735                      14.48735
                       14.47172                      14.47172
                       14.48800                      14.48800
                       14.50444                      14.50444
 fake_match_write_avg_pj_per_cell fake_over_rewrite_write_ratio
                         9.782907                     0.6737970
                         9.209260                     0.6366766
                        10.919284                     0.7489408
                        11.313351                     0.7809124
                        14.380643                     0.9937063
                        10.170800                     0.7020156
                        14.432363                     0.9950304
 fake_write_reduction_ratio
                0.326203005
                0.363323431
                0.251059234
                0.219087614
                0.006293659
                0.297984362
                0.004969605
----------------------------------------
gesture:
========================================
       Column Mask Energy Report        
========================================
       method logical_tiles  cell_oo cell_ox cell_xo cell_xx expanded_active_cells
 fptree_union          1288 19540275 5675360  788235  358050               8678807
 global_union          1288 16995970 8219665  420670  725615               8678807
  lsh_minhash          1288 20827450 4388185  720110  426175               8678807
    mcp_radix          1288 21826755 3388880 1145185    1100               8678807
        naive          1288 25208305    7330 1144655    1630               8678807
  radix_union          1288 20299690 4915945  807310  338975               8678807
   sequential          1288 24934410  281225 1119140   27145               8678807
 scattered_dont_care_cells masked_cells total_cells_with_bit_slicing
                  10861468      5675360                     25215635
                   8317163      8219665                     25215635
                  12148643      4388185                     25215635
                  13147948      3388880                     25215635
                  16529498         7330                     25215635
                  11620883      4915945                     25215635
                  16255603       281225                     25215635
 baseline_total_fj rewrite_total_fj fake_match_total_fj baseline_avg_fj_per_cell
         336124415        261890706           322219783                    13.33
         336124415        228611196           315986235                    13.33
         336124415        278726955           325373361                    13.33
         336124415        291797864           327821659                    13.33
         336124415        336028538           336106456                    13.33
         336124415        271823854           324080349                    13.33
         336124415        332445992           335435413                    13.33
 rewrite_avg_fj_per_cell fake_match_avg_fj_per_cell fake_over_rewrite_avg_ratio
               10.386044                   12.77857                    1.230360
                9.066248                   12.53136                    1.382199
               11.053735                   12.90364                    1.167355
               11.572101                   13.00073                    1.123455
               13.326198                   13.32929                    1.000232
               10.779973                   12.85236                    1.192244
               13.184121                   13.30268                    1.008992
 total_write_cells active_rule_cells_write scattered_write_cells masked_write_cells
          25215635                 8678807              10861468            5675360
          25215635                 8678807               8317163            8219665
          25215635                 8678807              12148643            4388185
          25215635                 8678807              13147948            3388880
          25215635                 8678807              16529498               7330
          25215635                 8678807              11620883            4915945
          25215635                 8678807              16255603             281225
 baseline_write_pj rewrite_write_pj fake_match_write_pj
         427674540        427674540           297141260
         427581904        427581904           238529610
         427679683        427679683           326751428
         427947664        427947664           350003424
         427593229        427593229           427424639
         427925231        427925231           314858496
         426671902        426671902           420203728
 baseline_write_avg_pj_per_cell rewrite_write_avg_pj_per_cell
                       16.96069                      16.96069
                       16.95702                      16.95702
                       16.96089                      16.96089
                       16.97152                      16.97152
                       16.95746                      16.95746
                       16.97063                      16.97063
                       16.92093                      16.92093
 fake_match_write_avg_pj_per_cell fake_over_rewrite_write_ratio
                        11.784009                     0.6947836
                         9.459592                     0.5578571
                        12.958287                     0.7640097
                        13.880413                     0.8178650
                        16.950778                     0.9996057
                        12.486638                     0.7357792
                        16.664412                     0.9848404
 fake_write_reduction_ratio
               0.3052163919
               0.4421428807
               0.2359902960
               0.1821349818
               0.0003942766
               0.2642207722
               0.0151595991
----------------------------------------
mush:
========================================
       Column Mask Energy Report        
========================================
       method logical_tiles cell_oo cell_ox cell_xo cell_xx expanded_active_cells
 fptree_union           964 2468780  244480       0       0               2260073
 global_union           964 2460972  252288       0       0               2260073
  lsh_minhash           964 2620700   92560       0       0               2260073
    mcp_radix           964 2460626  252634       0       0               2260073
        naive           964 2713004     256       0       0               2260073
  radix_union           964 2455460  257800       0       0               2260073
   sequential           964 2713260       0       0       0               2260073
 scattered_dont_care_cells masked_cells total_cells_with_bit_slicing
                    208707       244480                      2713260
                    200899       252288                      2713260
                    360627        92560                      2713260
                    200553       252634                      2713260
                    452931          256                      2713260
                    195387       257800                      2713260
                    453187            0                      2713260
 baseline_total_fj rewrite_total_fj fake_match_total_fj baseline_avg_fj_per_cell
          36167756         32969957            35568780                    13.33
          36167756         32867829            35549650                    13.33
          36167756         34957071            35940984                    13.33
          36167756         32863303            35548802                    13.33
          36167756         36164407            36167129                    13.33
          36167756         32795732            35536146                    13.33
          36167756         36167756            36167756                    13.33
 rewrite_avg_fj_per_cell fake_match_avg_fj_per_cell fake_over_rewrite_avg_ratio
                12.15142                   13.10924                    1.078824
                12.11378                   13.10219                    1.081594
                12.88379                   13.24642                    1.028146
                12.11211                   13.10188                    1.081717
                13.32877                   13.32977                    1.000075
                12.08721                   13.09721                    1.083560
                13.33000                   13.33000                    1.000000
 total_write_cells active_rule_cells_write scattered_write_cells masked_write_cells
           2713260                 2260073                208707             244480
           2713260                 2260073                200899             252288
           2713260                 2260073                360627              92560
           2713260                 2260073                200553             252634
           2713260                 2260073                452931                256
           2713260                 2260073                195387             257800
           2713260                 2260073                453187                  0
 baseline_write_pj rewrite_write_pj fake_match_write_pj
          29234418         29234418            23611378
          29019320         29019320            23216696
          28704567         28704567            26575687
          29274544         29274544            23463962
          29028504         29028504            29022616
          29274282         29274282            23344882
          28023406         28023406            28023406
 baseline_write_avg_pj_per_cell rewrite_write_avg_pj_per_cell
                       10.77465                      10.77465
                       10.69537                      10.69537
                       10.57936                      10.57936
                       10.78944                      10.78944
                       10.69876                      10.69876
                       10.78934                      10.78934
                       10.32832                      10.32832
 fake_match_write_avg_pj_per_cell fake_over_rewrite_write_ratio
                         8.702217                     0.8076568
                         8.556753                     0.8000427
                         9.794744                     0.9258348
                         8.647886                     0.8015142
                        10.696585                     0.9997972
                         8.603997                     0.7974536
                        10.328316                     1.0000000
 fake_write_reduction_ratio
               0.1923431517
               0.1999572733
               0.0741652017
               0.1984858244
               0.0002028351
               0.2025463853
               0.0000000000
----------------------------------------
gas:

========================================
       Column Mask Energy Report        
========================================
       method logical_tiles cell_oo cell_ox cell_xo cell_xx expanded_active_cells scattered_dont_care_cells masked_cells
 fptree_union           145 3954207 2228763  416703  498567                476310                   3477897      2228763
 global_union           145 3404430 2778540  328776  586494                476310                   2928120      2778540
  lsh_minhash           145 4487784 1695186  530811  384459                476310                   4011474      1695186
    mcp_radix           145 4529982 1652988  576933  338337                476310                   4053672      1652988
        naive           145 5511648  671322  688374  226896                476310                   5035338       671322
  radix_union           145 3895587 2287383  464121  451149                476310                   3419277      2287383
   sequential           145 4036491 2146479  480519  434751                476310                   3560181      2146479
 total_cells_with_bit_slicing baseline_total_fj rewrite_total_fj fake_match_total_fj baseline_avg_fj_per_cell
                      6182970          82418990         53266770            76958521                    13.33
                      6182970          82418990         46075687            75611567                    13.33
                      6182970          82418990         60245957            78265784                    13.33
                      6182970          82418990         60797907            78369170                    13.33
                      6182970          82418990         73638098            80774251                    13.33
                      6182970          82418990         52500020            76814902                    13.33
                      6182970          82418990         54343045            77160117                    13.33
 rewrite_avg_fj_per_cell fake_match_avg_fj_per_cell fake_over_rewrite_avg_ratio total_write_cells active_rule_cells_write
                8.615078                   12.44685                    1.444775           6182970                  476310
                7.452031                   12.22900                    1.641030           6182970                  476310
                9.743854                   12.65828                    1.299104           6182970                  476310
                9.833123                   12.67500                    1.289011           6182970                  476310
               11.909826                   13.06399                    1.096908           6182970                  476310
                8.491068                   12.42363                    1.463140           6182970                  476310
                8.789149                   12.47946                    1.419871           6182970                  476310
 scattered_write_cells masked_write_cells baseline_write_pj rewrite_write_pj fake_match_write_pj baseline_write_avg_pj_per_cell
               3477897            2228763         133707188        133707188            82445638                       21.62507
               2928120            2778540         133707493        133707493            69801073                       21.62512
               4011474            1695186         133708717        133708717            94719439                       21.62532
               4053672            1652988         133708569        133708569            95689845                       21.62530
               5035338             671322         133707472        133707472           118267066                       21.62512
               3419277            2287383         133708148        133708148            81098338                       21.62523
               3560181            2146479         133708496        133708496            84339479                       21.62529
 rewrite_write_avg_pj_per_cell fake_match_write_avg_pj_per_cell fake_over_rewrite_write_ratio fake_write_reduction_ratio
                      21.62507                         13.33431                     0.6166134                  0.3833866
                      21.62512                         11.28925                     0.5220431                  0.4779569
                      21.62532                         15.31941                     0.7084014                  0.2915986
                      21.62530                         15.47636                     0.7156598                  0.2843402
                      21.62512                         19.12787                     0.8845210                  0.1154790
                      21.62523                         13.11640                     0.6065325                  0.3934675
                      21.62529                         13.64061                     0.6307713                  0.3692287
----------------------------------------
