Energy ( data:768 , feature:10 ）
========================================
       Column Mask Energy Report        
========================================
       method logical_tiles cell_oo cell_ox cell_xo cell_xx
 fptree_union            54   65540   17152       0       0
 global_union            54   65924   16768       0       0
  lsh_minhash            54   72003   10689       0       0
    mcp_radix            54   67267   15425       0       0
        naive            54   82052     640       0       0
  radix_union            54   65198   17494       0       0
   sequential            54   80516    2176       0       0
 expanded_active_cells scattered_dont_care_cells masked_cells
                 47017                     18523        17152
                 47017                     18907        16768
                 47017                     24986        10689
                 47017                     20250        15425
                 47017                     35035          640
                 47017                     18181        17494
                 47017                     33499         2176
 total_cells_with_bit_slicing baseline_total_fj rewrite_total_fj
                        82692           1102284         877936.2
                        82692           1102284         882958.9
                        82692           1102284         962472.2
                        82692           1102284         900525.4
                        82692           1102284        1093913.2
                        82692           1102284         873462.8
                        82692           1102284        1073822.3
 fake_match_total_fj baseline_avg_fj_per_cell rewrite_avg_fj_per_cell
             1060262                    13.33                10.61694
             1061203                    13.33                10.67768
             1076096                    13.33                11.63924
             1064493                    13.33                10.89011
             1100716                    13.33                13.22877
             1059424                    13.33                10.56285
             1096953                    13.33                12.98581
 fake_match_avg_fj_per_cell fake_over_rewrite_avg_ratio
                   12.82182                    1.207675
                   12.83320                    1.201871
                   13.01331                    1.118054
                   12.87299                    1.182080
                   13.31104                    1.006219
                   12.81169                    1.212901
                   13.26553                    1.021541
 total_write_cells active_rule_cells_write scattered_write_cells
             82692                   47017                 18523
             82692                   47017                 18907
             82692                   47017                 24986
             82692                   47017                 20250
             82692                   47017                 35035
             82692                   47017                 18181
             82692                   47017                 33499
 masked_write_cells baseline_write_pj rewrite_write_pj
              17152           1137906          1137906
              16768           1131910          1131910
              10689           1136542          1136542
              15425           1140026          1140026
                640           1132911          1132911
              17494           1138404          1138404
               2176           1137154          1137154
 fake_match_write_pj baseline_write_avg_pj_per_cell
            743410.0                       13.76077
            746246.5                       13.68827
            890694.5                       13.74427
            785250.5                       13.78641
           1118191.0                       13.70037
            736042.5                       13.76680
           1087105.5                       13.75167
 rewrite_write_avg_pj_per_cell fake_match_write_avg_pj_per_cell
                      13.76077                         8.990108
                      13.68827                         9.024410
                      13.74427                        10.771229
                      13.78641                         9.496088
                      13.70037                        13.522360
                      13.76680                         8.901012
                      13.75167                        13.146441
 fake_over_rewrite_write_ratio fake_write_reduction_ratio
                     0.6533141                 0.34668593
                     0.6592805                 0.34071952
                     0.7836885                 0.21631150
                     0.6888008                 0.31119918
                     0.9870069                 0.01299308
                     0.6465562                 0.35344379
                     0.9559884                 0.04401165
----------------------------------------

breast ( data:569 / feature:31 )

========================================
       Column Mask Energy Report        
========================================
       method logical_tiles cell_oo cell_ox cell_xo cell_xx
 fptree_union            15   87296   34936       0       0
 global_union            15   79608   42624       0       0
  lsh_minhash            15  105860   16372       0       0
    mcp_radix            15  110528   11704       0       0
        naive            15  121208    1024       0       0
  radix_union            15   87296   34936       0       0
   sequential            15  118560    3672       0       0
 expanded_active_cells scattered_dont_care_cells masked_cells
                 18523                     68773        34936
                 18523                     61085        42624
                 18523                     87337        16372
                 18523                     92005        11704
                 18523                    102685         1024
                 18523                     68773        34936
                 18523                    100037         3672
 total_cells_with_bit_slicing baseline_total_fj rewrite_total_fj
                       122232           1629353          1172390
                       122232           1629353          1071831
                       122232           1629353          1415207
                       122232           1629353          1476264
                       122232           1629353          1615959
                       122232           1629353          1172390
                       122232           1629353          1581323
 fake_match_total_fj baseline_avg_fj_per_cell rewrite_avg_fj_per_cell
             1543759                    13.33                9.591512
             1524924                    13.33                8.768822
             1589241                    13.33               11.578038
             1600678                    13.33               12.077559
             1626844                    13.33               13.220422
             1543759                    13.33                9.591512
             1620356                    13.33               12.937061
 fake_match_avg_fj_per_cell fake_over_rewrite_avg_ratio
                   12.62975                    1.316763
                   12.47565                    1.422728
                   13.00184                    1.122975
                   13.09541                    1.084276
                   13.30948                    1.006736
                   12.62975                    1.316763
                   13.25640                    1.024684
 total_write_cells active_rule_cells_write scattered_write_cells
            122232                   18523                 68773
            122232                   18523                 61085
            122232                   18523                 87337
            122232                   18523                 92005
            122232                   18523                102685
            122232                   18523                 68773
            122232                   18523                100037
 masked_write_cells baseline_write_pj rewrite_write_pj
              34936           2487012          2487012
              42624           2486948          2486948
              16372           2488408          2488408
              11704           2487954          2487954
               1024           2486720          2486720
              34936           2487915          2487915
               3672           2486741          2486741
 fake_match_write_pj baseline_write_avg_pj_per_cell
             1683484                       20.34665
             1506596                       20.34612
             2111852                       20.35807
             2218762                       20.35435
             2463168                       20.34426
             1684387                       20.35404
             2402285                       20.34444
 rewrite_write_avg_pj_per_cell fake_match_write_avg_pj_per_cell
                      20.34665                         13.77286
                      20.34612                         12.32570
                      20.35807                         17.27741
                      20.35435                         18.15205
                      20.34426                         20.15158
                      20.35404                         13.78025
                      20.34444                         19.65349
 fake_over_rewrite_write_ratio fake_write_reduction_ratio
                     0.6769103                0.323089716
                     0.6058011                0.394198913
                     0.8486759                0.151324059
                     0.8918018                0.108198164
                     0.9905289                0.009471112
                     0.6770276                0.322972449
                     0.9660375                0.033962524
----------------------------------------

heart ( data:278 , feature: 14 )
========================================
       Column Mask Energy Report        
========================================
       method logical_tiles cell_oo cell_ox cell_xo cell_xx
 fptree_union            30   67960   18336       0       0
 global_union            30   64664   21632       0       0
  lsh_minhash            30   74288   12008       0       0
    mcp_radix            30   76504    9792       0       0
        naive            30   86296       0       0       0
  radix_union            30   69624   16672       0       0
   sequential            30   86136     160       0       0
 expanded_active_cells scattered_dont_care_cells masked_cells
                 35087                     32873        18336
                 35087                     29577        21632
                 35087                     39201        12008
                 35087                     41417         9792
                 35087                     51209            0
                 35087                     34537        16672
                 35087                     51049          160
 total_cells_with_bit_slicing baseline_total_fj rewrite_total_fj
                        86296           1150326         910490.8
                        86296           1150326         867379.1
                        86296           1150326         993261.0
                        86296           1150326        1022246.3
                        86296           1150326        1150325.7
                        86296           1150326         932255.9
                        86296           1150326        1148232.9
 fake_match_total_fj baseline_avg_fj_per_cell rewrite_avg_fj_per_cell
             1105402                    13.33                10.55079
             1097327                    13.33                10.05121
             1120906                    13.33                11.50993
             1126335                    13.33                11.84581
             1150326                    13.33                13.33000
             1109479                    13.33                10.80300
             1149934                    13.33                13.30575
 fake_match_avg_fj_per_cell fake_over_rewrite_avg_ratio
                   12.80943                    1.214073
                   12.71585                    1.265107
                   12.98909                    1.128511
                   13.05200                    1.101824
                   13.33000                    1.000000
                   12.85667                    1.190102
                   13.32546                    1.001481
 total_write_cells active_rule_cells_write scattered_write_cells
             86296                   35087                 32873
             86296                   35087                 29577
             86296                   35087                 39201
             86296                   35087                 41417
             86296                   35087                 51209
             86296                   35087                 34537
             86296                   35087                 51049
 masked_write_cells baseline_write_pj rewrite_write_pj
              18336           1393660          1393660
              21632           1392466          1392466
              12008           1399224          1399224
               9792           1396869          1396869
                  0           1392746          1392746
              16672           1397308          1397308
                160           1393912          1393912
 fake_match_write_pj baseline_write_avg_pj_per_cell
            971932.5                       16.14977
            894930.5                       16.13593
           1123040.5                       16.21425
           1171653.0                       16.18695
           1392745.5                       16.13917
           1013852.5                       16.19204
           1390232.5                       16.15269
 rewrite_write_avg_pj_per_cell fake_match_write_avg_pj_per_cell
                      16.14977                         11.26278
                      16.13593                         10.37047
                      16.21425                         13.01382
                      16.18695                         13.57714
                      16.13917                         16.13917
                      16.19204                         11.74855
                      16.15269                         16.11005
 fake_over_rewrite_write_ratio fake_write_reduction_ratio
                     0.6973955                0.302604544
                     0.6426945                0.357305544
                     0.8026164                0.197383622
                     0.8387709                0.161229149
                     1.0000000                0.000000000
                     0.7255753                0.274424724
                     0.9973599                0.002640051
----------------------------------------

parkinsons: (data: 5875 / feature:22) 

========================================
       Column Mask Energy Report        
========================================
       method logical_tiles  cell_oo cell_ox cell_xo cell_xx
 fptree_union          1154  9633112 2771840       0       0
 global_union          1154  8719448 3685504       0       0
  lsh_minhash          1154 10874494 1530458       0       0
    mcp_radix          1154 10144188 2260764       0       0
        naive          1154 12404952       0       0       0
  radix_union          1154  9693672 2711280       0       0
   sequential          1154 12384728   20224       0       0
 expanded_active_cells scattered_dont_care_cells masked_cells
               6125997                   3507115      2771840
               6125997                   2593451      3685504
               6125997                   4748497      1530458
               6125997                   4018191      2260764
               6125997                   6278955            0
               6125997                   3567675      2711280
               6125997                   6258731        20224
 total_cells_with_bit_slicing baseline_total_fj rewrite_total_fj
                     12404952         165358010        129102343
                     12404952         165358010        117151618
                     12404952         165358010        145339620
                     12404952         165358010        135787217
                     12404952         165358010        165358010
                     12404952         165358010        129894468
                     12404952         165358010        165093480
 fake_match_total_fj baseline_avg_fj_per_cell rewrite_avg_fj_per_cell
           158567002                    13.33                10.40732
           156328525                    13.33                 9.44394
           161608388                    13.33                11.71626
           159819138                    13.33                10.94621
           165358010                    13.33                13.33000
           158715374                    13.33                10.47118
           165308461                    13.33                13.30868
 fake_match_avg_fj_per_cell fake_over_rewrite_avg_ratio
                   12.78256                    1.228227
                   12.60211                    1.334412
                   13.02773                    1.111936
                   12.88350                    1.176982
                   13.33000                    1.000000
                   12.79452                    1.221879
                   13.32601                    1.001302
 total_write_cells active_rule_cells_write scattered_write_cells
          12404952                 6125997               3507115
          12404952                 6125997               2593451
          12404952                 6125997               4748497
          12404952                 6125997               4018191
          12404952                 6125997               6278955
          12404952                 6125997               3567675
          12404952                 6125997               6258731
 masked_write_cells baseline_write_pj rewrite_write_pj
            2771840         187572790        187572790
            3685504         186684226        186684226
            1530458         187350828        187350828
            2260764         187848248        187848248
                  0         186354522        186354522
            2711280         187829429        187829429
              20224         180738866        180738866
 fake_match_write_pj baseline_write_avg_pj_per_cell
           123820470                       15.12080
           101917634                       15.04917
           152150294                       15.10291
           135850676                       15.14300
           186354522                       15.02259
           125469989                       15.14149
           180273714                       14.56990
 rewrite_write_avg_pj_per_cell fake_match_write_avg_pj_per_cell
                      15.12080                         9.981536
                      15.04917                         8.215883
                      15.10291                        12.265287
                      15.14300                        10.951326
                      15.02259                        15.022591
                      15.14149                        10.114508
                      14.56990                        14.532399
 fake_over_rewrite_write_ratio fake_write_reduction_ratio
                     0.6601196                0.339880427
                     0.5459360                0.454064029
                     0.8121143                0.187885660
                     0.7231937                0.276806266
                     1.0000000                0.000000000
                     0.6679996                0.332000370
                     0.9974264                0.002573614
----------------------------------------

##########################################################


Total Evaluation:

      dataset       method testing_dataset_size fake_match_read_pj
1      Energy fptree_union                  154          163280.34
2      Energy global_union                  154          163425.23
3      Energy  lsh_minhash                  154          165718.83
4      Energy    mcp_radix                  154          163931.94
5      Energy        naive                  154          169510.32
6      Energy  radix_union                  154          163151.31
7      Energy   sequential                  154          168930.79
8      Breast fptree_union                  115          177532.33
9      Breast global_union                  115          175366.23
10     Breast  lsh_minhash                  115          182762.73
11     Breast    mcp_radix                  115          184077.94
12     Breast        naive                  115          187087.03
13     Breast  radix_union                  115          177532.33
14     Breast   sequential                  115          186340.96
15      Heart fptree_union                   56           61902.54
16      Heart global_union                   56           61450.33
17      Heart  lsh_minhash                   56           62770.74
18      Heart    mcp_radix                   56           63074.78
19      Heart        naive                   56           64418.24
20      Heart  radix_union                   56           62130.84
21      Heart   sequential                   56           64396.29
22 Parkinsons fptree_union                 1201       190438969.59
23 Parkinsons global_union                 1201       187750558.96
24 Parkinsons  lsh_minhash                 1201       194091674.06
25 Parkinsons    mcp_radix                 1201       191942785.17
26 Parkinsons        naive                 1201       198594970.20
27 Parkinsons  radix_union                 1201       190617164.37
28 Parkinsons   sequential                 1201       198535462.09
   rewrite_read_pj fake_match_write_pj rewrite_write_pj
1        135202.17            743410.0          1137906
2        135975.67            746246.5          1131910
3        148220.72            890694.5          1136542
4        138680.91            785250.5          1140026
5        168462.63           1118191.0          1132911
6        134513.28            736042.5          1138404
7        165368.63           1087105.5          1137154
8        134824.81           1683484.0          2487012
9        123260.52           1506595.5          2486948
10       162748.78           2111852.0          2488408
11       169770.39           2218761.5          2487954
12       185835.24           2463167.5          2486720
13       134824.81           1684387.0          2487915
14       181852.12           2402285.0          2486741
15        50987.48            971932.5          1393660
16        48573.23            894930.5          1392466
17        55622.62           1123040.5          1399224
18        57245.79           1171653.0          1396869
19        64418.24           1392745.5          1392746
20        52206.33           1013852.5          1397308
21        64301.04           1390232.5          1393912
22    155051913.89         123820470.0        187572790
23    140699093.03         101917634.5        186684226
24    174552883.04         152150294.5        187350828
25    163080447.67         135850675.5        187848248
26    198594970.20         186354521.5        186354522
27    156003255.78         125469989.0        187829429
28    198277269.77         180273714.0        180738866
   fake_match_total_energy_pj rewrite_total_energy_pj
1                    906690.3                 1273108
2                    909671.7                 1267886
3                   1056413.3                 1284762
4                    949182.4                 1278706
5                   1287701.3                 1301374
6                    899193.8                 1272918
7                   1256036.3                 1302522
8                   1861016.3                 2621837
9                   1681961.7                 2610208
10                  2294614.7                 2651157
11                  2402839.4                 2657724
12                  2650254.5                 2672555
13                  1861919.3                 2622740
14                  2588626.0                 2668593
15                  1033835.0                 1444648
16                   956380.8                 1441040
17                  1185811.2                 1454847
18                  1234727.8                 1454115
19                  1457163.7                 1457164
20                  1075983.3                 1449515
21                  1454628.8                 1458214
22                314259439.6               342624704
23                289668193.5               327383320
24                346241968.6               361903712
25                327793460.7               350928695
26                384949491.7               384949492
27                316087153.4               343832685
28                378809176.1               379016136
   fake_total_energy_saved_pj fake_over_rewrite_total_energy_ratio
1                  366417.833                            0.7121864
2                  358214.449                            0.7174711
3                  228348.893                            0.8222637
4                  329523.966                            0.7422990
5                   13672.307                            0.9894939
6                  373723.972                            0.7064037
7                   46485.844                            0.9643109
8                  760820.487                            0.7098139
9                  928246.291                            0.6443784
10                 356542.049                            0.8655145
11                 254884.445                            0.9040967
12                  22300.211                            0.9916558
13                 760820.487                            0.7099139
14                  79967.164                            0.9700340
15                 410812.946                            0.7156311
16                 484658.903                            0.6636742
17                 269035.878                            0.8150762
18                 219387.018                            0.8491268
19                      0.000                            1.0000000
20                 373531.492                            0.7423059
21                   3584.755                            0.9975417
22               28365264.301                            0.9172119
23               37715126.068                            0.8847983
24               15661742.983                            0.9567240
25               23135234.495                            0.9340743
26                      0.000                            1.0000000
27               27745531.414                            0.9193051
28                 206959.675                            0.9994540
   fake_total_energy_reduction_ratio     winner
1                       0.2878135890 Fake Match
2                       0.2825288706 Fake Match
3                       0.1777363070 Fake Match
4                       0.2577010368 Fake Match
5                       0.0105060583 Fake Match
6                       0.2935963177 Fake Match
7                       0.0356891015 Fake Match
8                       0.2901860570 Fake Match
9                       0.3556215761 Fake Match
10                      0.1344854635 Fake Match
11                      0.0959032827 Fake Match
12                      0.0083441551 Fake Match
13                      0.2900861469 Fake Match
14                      0.0299660383 Fake Match
15                      0.2843688914 Fake Match
16                      0.3363258436 Fake Match
17                      0.1849238139 Fake Match
18                      0.1508732455 Fake Match
19                      0.0000000000    Rewrite
20                      0.2576941496 Fake Match
21                      0.0024583198 Fake Match
22                      0.0827881469 Fake Match
23                      0.1152017339 Fake Match
24                      0.0432759944 Fake Match
25                      0.0659257416 Fake Match
26                      0.0000000000    Rewrite
27                      0.0806948631 Fake Match
28                      0.0005460445 Fake Match
